surf 71 cyly 0.0 43.47211695334805 2.0 -60.8 9.2
surf 72 cyly 0.0 43.47211695334805 1.9 -60.8 8.2
surf 73 cyly 0.0 43.47211695334805 1.85 -60.8 8.2
surf 74 cyly 0.0 43.47211695334805 1.75 -2.3 1.7
surf 4 sph 0.0 -0.3 43.47211695334805 0.725
                                    %труба-толкалка
cell 501 0 st -71 72
cell 502 0 void -72 73
cell 503 0 matrix -73 74        
cell 504 0 case -74 4
cell 505 0 void -4


surf 1 cuboid -71.93477205011901 71.93477205011901 -71.93477205011901 71.93477205011901 -21.01169946771622 130.7
                                                %графитовая призма
cell 1 0 matrix -1 16 71



include pebs19.txt



surf 6 cuboid -50.2 50.2 -50.1 50.1 130.7 131.7773316619664
                                                        %кадмиевая пластина
cell 4 0 plast -6



surf 7 cuboid -13.7 14.0 -20.9 22.1 130.8 147.1110555352943
                                                    %блок полиэтилена
cell 5 0 pol -7 6 8 9 10 11% 80 90 100 110



surf 8 cuboid 1.8539583663522392 5.153958366352239 -20.9 22.1 135.0551274988499 138.0551274988499
surf 9 cuboid -5.153958366352239 -1.8539583663522392 -20.9 22.1 135.0551274988499 138.0551274988499
surf 10 cuboid 8.861875099056718 12.161875099056717 -20.9 22.1 135.0551274988499 138.0551274988499
surf 11 cuboid -12.161875099056717 -8.861875099056718 -20.9 22.1 135.0551274988499 138.0551274988499
                                                        %вырезы под счетчики
surf 80 cuboid 9.802568574059705 13.102568574059704 -20.9 22.1 135.29424524533212 138.29424524533212
surf 90 cuboid -13.102568574059704 -9.802568574059705 -20.9 22.1 135.29424524533212 138.29424524533212
surf 100 cuboid -5.4937812928235665 -2.193781292823567 -20.9 22.1 132.70892844990624 135.70892844990624
surf 110 cuboid -13.697546104381585 -10.397546104381586 -20.9 22.1 134.89829861759668 137.89829861759668

surf 12 cyly 3.503958366352239 136.5551274988499 1.5 -20.9 22.1
surf 13 cyly -3.503958366352239 136.5551274988499 1.5 -20.9 22.1
surf 14 cyly 10.511875099056716 136.5551274988499 1.5 -20.9 22.1
surf 15 cyly -10.511875099056716 136.5551274988499 1.5 -20.9 22.1
                                                %счетчики
surf 120 cyly 11.452568574059704 136.79424524533212 1.5 -20.9 22.1
surf 130 cyly -11.452568574059704 136.79424524533212 1.5 -20.9 22.1
surf 140 cyly -11.5313438784707 134.20892844990624 1.5 -20.9 22.1
surf 150 cyly -12.047546104381585 136.39829861759668 1.5 -20.9 22.1

cell 61 0 void -8 12
cell 71 0 He -12
cell 62 0 void -9 13
cell 72 0 He -13
cell 63 0 void -10 14
cell 73 0 He -14
cell 64 0 void -11 15
cell 74 0 He -15

%cell 65 0 void -80 120
%cell 75 0 He -120
%cell 66 0 void -90 130
%cell 76 0 He -130
%cell 67 0 void -100 140
%cell 77 0 He -140
%cell 68 0 void -110 150
%cell 78 0 He -150



surf 16 cuboid -8.145362673814786 8.145362673814786 -8.645362673814786 8.645362673814786 115.70890705365184 130.7
                                                        %камера с топливом


surf 51 cuboid -8.145362673814786 8.145362673814786 7.945362673814786 8.645362673814786 115.70890705365184 116.10890705365185
surf 52 cuboid -8.145362673814786 8.145362673814786 -8.645362673814786 -7.945362673814786 115.70890705365184 116.10890705365185
surf 53 cuboid -8.145362673814786 -7.445362673814786 -8.645362673814786 8.645362673814786 116.10890705365185 116.50890705365184
surf 54 cuboid 7.445362673814786 8.145362673814786 -8.645362673814786 8.645362673814786 116.10890705365185 116.50890705365184
                                                    %ножки под топливо
cell 301 0 st -51
cell 302 0 st -52
cell 303 0 st -53
cell 304 0 st -54



surf 17 cuboid -20.4 20.7 -28.9 36.2 130.8 148.5 

%surf 18 cuboid -14.7 15.0 -28.9 -23.2 130.8 142.8
%surf 19 cuboid -14.7 15.0 -28.9 -26.9 134.8 138.8
%surf 20 cuboid -14.7 15.0 -26.9 -25.2 132.8 140.8

%cell 1100 0 stop -18 19 20
%cell 210 0 void -19
%cell 310 0 void -20                                             
                                                                    %нейтростотпы
%surf 21 cuboid 15.0 20.7 -23.2 36.2 130.8 142.8
%surf 22 cuboid 18.7 20.7 -23.2 36.2 134.8 138.8
%surf 23 cuboid 17.0 18.7 -23.2 36.2 132.8 140.8

%cell 120 0 stop -21 22 23
%cell 220 0 void -22
%cell 320 0 void -23

%surf 24 cuboid -20.4 -14.7 -23.2 36.2 130.8 142.8
%surf 25 cuboid -20.4 -18.4 -23.2 36.2 134.8 138.8
%surf 26 cuboid -18.4 -16.7 -23.2 36.2 132.8 140.8

%cell 13 0 stop -24 25 26
%cell 23 0 void -25
%cell 33 0 void -26

%surf 27 cuboid -14.7 15.0 -23.2 36.2 142.8 148.5

%surf 28 cuboid -14.7 15.0 -21.2 -13.2 144.8 146.5
%surf 29 cuboid -14.7 15.0 -9.2 -1.2 144.8 146.5
%surf 30 cuboid -14.7 15.0 2.8 10.8 144.8 146.5
%surf 31 cuboid -14.7 15.0 14.8 22.8 144.8 146.5
%surf 32 cuboid -14.7 15.0 26.8 34.2 144.8 146.5

%surf 33 cuboid -14.7 15.0 -19.2 -15.2 146.5 148.5
%surf 34 cuboid -14.7 15.0 -7.2 -3.2 146.5 148.5
%surf 35 cuboid -14.7 15.0 4.8 8.8 146.5 148.5
%surf 36 cuboid -14.7 15.0 16.8 20.8 146.5 148.5
%surf 37 cuboid -14.7 15.0 28.8 32.2 146.5 148.5

%cell 15 0 stop -27 28 29 30 31 32 33 34 35 36 37

%cell 240 0 void -28
%cell 241 0 void -29
%cell 242 0 void -30 
%cell 243 0 void -31 
%cell 244 0 void -32 
%cell 245 0 void -33 
%cell 246 0 void -34 
%cell 247 0 void -35 
%cell 248 0 void -36 
%cell 249 0 void -37



cell 111 0 fill 77 -16 51 52 53 54
cell 9 0 void -17 6 7 %8 12 9 13 10 14 11 15 80 120 90 130 100 140 110 150 
% 18 21 24 27 
cell 1000 0 outside 1 6 17 71
                                        % наличие топлива
trans U 77 0.00 0.0 120.20445352682592


include "material.txt"

    src ist n
sp  0.0 0.0 43.47211695334805
    sb 85 1
    1.00E-11    0.
    1.00E-05    3.40E-11
    1.00E-04    1.07E-09
    1.00E-03    5.10E-07
    1.00E-02    1.66E-06
    2.00E-02    2.59E-06
    3.00E-02    3.43E-06
    4.00E-02    4.30E-06
    5.00E-02    5.07E-06
    6.00E-02    5.76E-06
    7.00E-02    6.49E-06
    8.00E-02    7.04E-06
    9.00E-02    7.61E-06
    1.00E-01    9.69E-05
    2.00E-01    2.72E-04  
    3.00E-01    1.45E-03
    4.00E-01    3.02E-03
    5.00E-01    4.18E-03
    6.00E-01    5.11E-03
    7.00E-01    5.89E-03
    8.00E-01    6.55E-03
    9.00E-01    6.82E-03
    1.00E+00    6.81E-03
    1.10E+00    6.78E-03
    1.20E+00    6.63E-03
    1.30E+00    6.23E-03
    1.40E+00    5.64E-03
    1.50E+00    4.99E-03
    1.60E+00    4.42E-03
    1.70E+00    4.86E-03
    1.80E+00    6.29E-03
    1.90E+00    6.73E-03
    2.00E+00    7.12E-03
    2.10E+00    7.74E-03
    2.20E+00    8.03E-03
    2.30E+00    8.27E-03
    2.40E+00    8.61E-03
    2.50E+00    9.07E-03
    2.60E+00    1.03E-02
    2.70E+00    1.21E-02
    2.80E+00    1.41E-02
    2.90E+00    1.61E-02
    3.00E+00    1.78E-02
    3.10E+00    1.95E-02
    3.20E+00    2.10E-02
    3.30E+00    2.09E-02
    3.40E+00    2.05E-02
    3.50E+00    2.02E-02
    3.60E+00    1.99E-02
    3.70E+00    1.95E-02
    3.80E+00    1.90E-02
    3.90E+00    1.86E-02
    4.00E+00    1.82E-02
    4.10E+00    1.79E-02
    4.20E+00    1.77E-02
    4.30E+00    1.74E-02
    4.40E+00    1.71E-02
    4.50E+00    1.69E-02
    4.60E+00    1.65E-02
    4.70E+00    1.62E-02
    4.80E+00    1.58E-02
    4.90E+00    1.54E-02
    5.00E+00    1.44E-02
    5.10E+00    1.34E-02
    5.20E+00    1.25E-02
    5.30E+00    1.16E-02
    5.40E+00    1.08E-02
    5.50E+00    1.04E-02
    5.60E+00    1.04E-02
    5.70E+00    1.04E-02
    5.80E+00    1.03E-02
    5.90E+00    1.01E-02
    6.00E+00    9.19E-02
    7.00E+00    9.66E-02
    8.00E+00    1.28E-01
    1.00E+01    8.95E-03
    1.10E+01    1.09E-05
    1.20E+01    7.13E-09
    1.30E+01    2.91E-09
    1.40E+01    1.18E-09
    1.50E+01    4.71E-10
    1.60E+01    1.87E-10
    1.70E+01    7.36E-11
    1.80E+01    2.88E-11
    1.90E+01    1.12E-11

set nps 1000000 500

set srcrate 1000000



%plot 1 2500 2500 
%plot 2 2500 2500 
%plot 3 500 500 135.8
%mesh 8 4 abra 2 500 500
%mesh 2 500 500

det abra n
    dr -53 He
    dm He